ncpu        =         32
ndim        =          3
levelmin    =          7
levelmax    =         11
ngridmax    =    1000000
nstep_coarse=      17160
 
boxlen      =  0.100000000000000E+03
time        =  0.326642194087276E+02
aexp        =  0.100000000000000E+01
H0          =  0.100000000000000E+01
omega_m     =  0.100000000000000E+01
omega_l     =  0.000000000000000E+00
omega_k     =  0.000000000000000E+00
omega_b     =  0.480000000000000E-01
unit_l      =  0.308567758128200E+22
unit_d      =  0.677025430198932E-22
unit_t      =  0.470430312423675E+15
 
ordering type=hilbert                                                                         
   DOMAIN   ind_min                 ind_max
       1   0.000000000000000E+00   0.241300275200000E+10
       2   0.241300275200000E+10   0.482240102400000E+10
       3   0.482240102400000E+10   0.579508838400000E+10
       4   0.579508838400000E+10   0.761190809600000E+10
       5   0.761190809600000E+10   0.100231741440000E+11
       6   0.100231741440000E+11   0.124353249280000E+11
       7   0.124353249280000E+11   0.148467220480000E+11
       8   0.148467220480000E+11   0.169006530560000E+11
       9   0.169006530560000E+11   0.190130749440000E+11
      10   0.190130749440000E+11   0.214193602560000E+11
      11   0.214193602560000E+11   0.238326579200000E+11
      12   0.238326579200000E+11   0.262431047680000E+11
      13   0.262431047680000E+11   0.286565662720000E+11
      14   0.286565662720000E+11   0.309399005440000E+11
      15   0.309399005440000E+11   0.316328509440000E+11
      16   0.316328509440000E+11   0.340437565440000E+11
      17   0.340437565440000E+11   0.364523683840000E+11
      18   0.364523683840000E+11   0.377686114560000E+11
      19   0.377686114560000E+11   0.398062387200000E+11
      20   0.398062387200000E+11   0.422196019200000E+11
      21   0.422196019200000E+11   0.446308024320000E+11
      22   0.446308024320000E+11   0.470434447360000E+11
      23   0.470434447360000E+11   0.494532362240000E+11
      24   0.494532362240000E+11   0.515750625280000E+11
      25   0.515750625280000E+11   0.536413470720000E+11
      26   0.536413470720000E+11   0.560513679360000E+11
      27   0.560513679360000E+11   0.584640757760000E+11
      28   0.584640757760000E+11   0.608753090560000E+11
      29   0.608753090560000E+11   0.629232869120000E+11
      30   0.629232869120000E+11   0.638968463360000E+11
      31   0.638968463360000E+11   0.663064739840000E+11
      32   0.663064739840000E+11   0.687194767360000E+11
